7.94
7.75
7.58
7.44
7.49
7.23
7.37
7.49
7.72
7.69
8.09
8.37
8.59
8.06
8.13
8.58
8.23
8.26
8.53
8.53
8.72
8.73
8.39
8.21
8.19
8.29
8.39
8.41
8.37
8.02
8.09
8.01
7.89
8.19
8.72
8.81
8.47
8.31
8.59
9.2
8.89
8.76
8.83
8.98
9.19
9.61
9.71
9.79
9.87
9.64
9.86
9.51
8.85
8.92
8.71
8.69
8.91
8.87
8.41
8.32
8.43
8.83
8.15
8.71
8.49
8.27
7.96
8.36
8.17
8.88
8.58
8.48
9.07
9.03
8.55
8.47
8.77
8.73
8.6
8.43
8.75
9.05
8.85
8.81
8.41
8.84
8.95
8.77
8.85
9.41
9.19
9.37
9.01
9.29
9.95
10.39
9.93
10.09
9.75
9.59
9.44
9.56
9.71
9.17
9.16
9.23
8.97
8.74
9.46
9.28
9.21
9.07
8.88
8.27
8.31
8.67
8.7
8.85
10.07
10.19
10.2
10.24
10.51
10.67
11.13
10.81
10.71
10.32
10.13
9.47
8.83
8.21
8.31
8.37
8.68
8.82
8.93
8.71
8.57
8.83
9.04
9.31
9.18
8.9