7.59
7.54
7.73
7.04
6.77
7.06
7.35
7.59
7.67
7.47
7.68
7.26
6.67
6.28
6.19
6.37
6.48
6.51
6.59
6.36
6.39
6.3
6.66
6.96
6.67
6.49
6.65
6.95
6.98
6.75
7.24
7.56
6.87
6.6
6.81
6.89
6.38
6.43
6.44
6.86
6.87
7.4
7.77
7.77
8.1
8.15
7.89
7.79
8.51
8.81
8.4
8.38
8.52
7.73
7.57
7.32
7.17
8.16
8.29
8.01
7.69
8.02
8.06
7.79
7.85
8.13
8.7
8.53
8.75
8.32
8.69
8.04
8.25
8.61
8.12
8.77
8.85
9.1
8.86
9.22
8.91
8.91
8.66
9.09
9.05
8.87
8.69
9.29
9.14
9.08
9.47
9.16
9.41
9.55
9.54
9.17
9.49
9.12
9.17
9.26
8.89
8.9
8.5
8.74
8.59
8.55
8.19
7.75
7.69
7.79
7.53
7.13
7.08
7.55
7.35
7.51
7.63
7.48
7.32
7.06
6.96
6.93
6.81
6.93
6.95
7.27
7.45
7.17
7.51
7.13
7.03
7.17
7.61
7.61
7.98
8.22
7.88
7.23
6.8
7.09
6.92
7.14
7.03
6.81